config14 = [1,0,0,1,0;2,0,0,-1,0;3,0,0,0,1;4,0,0,0,-1;5,90,1,0,0;6,90,-1,0,0;7,90,0,0,1;8,90,0,0,-1;9,180,0,1,0;10,180,0,-1,0;11,180,0,0,1;12,180,0,0,-1;13,270,1,0,0;14,270,-1,0,0;15,270,0,0,1;16,270,0,0,-1];
Thruster_PlacementData = thrusterplacement([],3, config14, [2,4,6], [2,0,0;0,3,0;0,0,1], 1, [0,0,3], 10,"none","none","none","none");